MJD v_up v_dw span vrad_region                                                         ERROR_RV
       58470.429      0.26692991    -0.083070088      0.35000000       15.983833       0.05977226211765570
       58470.434      0.17187508     -0.52812492      0.70000000       15.928887    0.05861014260600910
       58470.439    -0.042369689     -0.34236969      0.30000000       16.043132    0.05146797955690450
       58470.444    -0.092544678     -0.24254468      0.15000000       15.893307    0.0596054522352044
       58472.384    -0.032580642     -0.58258064      0.55000000       15.933343    0.06394261211590530
       58472.389     -0.53606801    -0.036068008     -0.50000000       15.636830    0.07817260763911380
       58472.394      0.53262103     -0.46737897       1.0000000       16.168141    0.08041344072021170
       58472.399     0.079559264      0.22955926     -0.15000000       15.721203    0.06788014688724700
       58528.326      -1.4465935      0.45340647      -1.9000000       17.347356    0.17568696027960500
       58528.328     -0.47912579       1.8708742      -2.3500000       17.529888    0.17049019250941600
       58528.331     -0.93737029      0.26262971      -1.2000000       17.638133    0.1638044412902690
       58528.333      0.40249291       1.0024929     -0.60000000       16.848270    0.17170606156123200
       58530.206     -0.46147648      0.48852352     -0.95000000       17.362239    0.09827961913139790
       58530.209     -0.74526927     -0.29526927     -0.45000000       16.846032    0.12573691193015200
       58530.212      0.38548891      0.63548891     -0.25000000       16.765274    0.10174134236571400
       58530.214      0.35785249     -0.59214751      0.95000000       16.442910    0.09498094424755970
       58531.305    -0.062578385      0.43742161     -0.50000000       16.263341    0.10134730436531100
       58531.308     -0.66719262      0.23280738     -0.90000000       16.067955    0.09228414743288630
       58531.310      0.30891575     0.058915752      0.25000000       16.491847    0.0921612526551879
       58531.313      0.18014607     -0.41985393      0.60000000       16.520616    0.08479547767630430
       58532.240     -0.32374952      0.57625048     -0.90000000       16.174512    0.08959667069646770
       58532.243     -0.93569455     0.014305450     -0.95000000       16.536457    0.10147855871895000
       58532.245     -0.15234332       1.2476567      -1.4000000       16.153106    0.09294821770071880
       58532.248      0.28017849      -1.0198215       1.3000000       15.970584    0.0888548843982
       58539.240     0.030158041      0.18015804     -0.15000000       16.570604    0.11553158405308600
       58539.243      0.30221326      -1.1477867       1.4500000       16.548549    0.11608301703152900
       58539.245      0.40916575     -0.89083425       1.3000000       16.891597    0.12393137693378100
       58539.248      0.25616150      0.35616150     -0.10000000       16.844601    0.12581429983253400
       58540.329     -0.73139687     -0.48139687     -0.25000000       16.532159    0.08570379840184410
       58540.331      0.61230542      0.36230542      0.25000000       16.988457    0.08487181344147630
       58540.334     -0.79731233      0.15268767     -0.95000000       16.748075    0.08352846161009230
       58540.337     -0.23679605      0.46320395     -0.70000000       16.737559    0.10126674947116800
       58761.524     -0.36658289    -0.016582888     -0.35000000       16.267345    0.051363339952547000
       58761.529     -0.26233915     -0.21233915    -0.050000000       16.463102    0.05168732484959480
       58761.533     -0.47809150     -0.47809150       0.0000000       16.378854    0.056822498645200900
       58761.538     -0.23648544     -0.38648544      0.15000000       16.487248    0.04978773681914650
       58762.599      0.23751861      -1.0624814       1.3000000       16.113244    0.05285935613266450
       58762.604       1.0016593    -0.048340743       1.0500000       16.099103    0.048548941806084400
       58762.609      0.52165718     -0.77834282       1.3000000       16.129105    0.05191471436340200
       58762.614      0.26347555     -0.73652445       1.0000000       15.837287    0.0543882581500563
       58764.403     -0.45383873      0.29616127     -0.75000000       16.404601    0.054522891428610100
       58764.408      0.55213577      0.15213577      0.40000000       16.148627    0.05061776996927400
       58764.412     -0.27342367    -0.023423673     -0.25000000       16.324186    0.0521078561999044
       58764.417      0.50412246      -1.0958775       1.6000000       16.046640    0.06587593886479160
       58765.576     -0.37447227     -0.27447227     -0.10000000       15.875235    0.04817612109709550
       58765.581     -0.48056361     -0.23056361     -0.25000000       15.881326    0.05514950134765900
       58765.586     -0.19120645    0.0087935534     -0.20000000       16.041969    0.05267336623682370
       58765.591      0.14981139     -0.46685528      0.61666667       16.300951    0.05155493879275200
       58768.531      0.63619912      0.33619912      0.30000000       16.764563    0.06076170086935980
       58768.535     -0.18566029    -0.035660286     -0.15000000       16.786423    0.04967429185829430
       58768.540     -0.68248586    -0.032485857     -0.65000000       16.883248    0.05914567297298830
       58768.545      0.61267158      0.16267158      0.45000000       16.938091    0.06269779536008480
       58769.555     0.024074137    -0.025925863     0.050000000       16.726688    0.062205183478034300
       58769.560     -0.71562507     -0.16562507     -0.55000000       16.866388    0.060856974798768700
       58769.565      0.23198933      0.53198933     -0.30000000       16.168773    0.06029067669967480
       58769.570    -0.098126653      0.30187335     -0.40000000       17.198889    0.06433368003678030
       58770.497    0.0049024602     -0.24509754      0.25000000       16.695860    0.07154008114124650
       58770.502     0.015720580     -0.63427942      0.65000000       16.585042    0.05938238793632960
       58770.506      0.68542217    -0.014577827      0.70000000       16.815340    0.06527388908963230
       58770.511     -0.39963318     -0.34963318    -0.050000000       16.900396    0.06484855075360320
       58771.610     -0.30240152     -0.25240152    -0.050000000       16.753164    0.058392434227040500
       58771.615     -0.95329241      0.74670759      -1.7000000       16.454055    0.06330258801896910
       58771.620     -0.54506322      0.30493678     -0.85000000       16.245826    0.05549679238982250
       58771.625     -0.70020586     -0.10020586     -0.60000000       16.400968    0.05873810455955240
       58772.474     0.079513318     -0.22048668      0.30000000       16.271249    0.05328286291064780
       58772.479     -0.37496707     -0.35830040    -0.016666667       16.275730    0.05956459641329440
       58772.484      0.63261725     -0.51738275       1.1500000       16.218145    0.054242138000006300
       58772.489      0.43034076     -0.46965924      0.90000000       16.620422    0.05840654159910250
       58787.543     -0.43334059      0.51665941     -0.95000000       17.084103    0.044311754695116100
       58787.548     -0.37903028     0.020969725     -0.40000000       16.729793    0.052418720615915900
       58787.553     -0.34542883    -0.045428834     -0.30000000       16.996191    0.05003010614375460
       58787.558     -0.19780666      0.25219334     -0.45000000       16.748569    0.05197645591933450
       58788.549     -0.28349543     0.066504569     -0.35000000       16.684258    0.04728867167373230
       58788.554     -0.65317137      0.39682863      -1.0500000       16.503934    0.05039001996930370
       58788.558     -0.49357884       1.3064212      -1.8000000       16.044341    0.04631326255887630
       58788.563     -0.43011830     -0.73011830      0.30000000       16.180881    0.045465824657187400
       58790.484      0.87931739    -0.070682611      0.95000000       16.121445    0.044185632027869200
       58790.489     0.091399601      0.14139960    -0.050000000       16.009363    0.04585596912152260
       58790.494     -0.11563212     -0.36563212      0.25000000       16.066395    0.05525279934289840
       58790.499     0.086265517     -0.46373448      0.55000000       15.914497    0.051300425789387900
       58792.538      0.48420403     -0.29079597      0.77500000       16.166558    0.16153341228115000
       58792.543     -0.50006666      0.14993334     -0.65000000       16.100829    0.08781024889506570
       58792.548     -0.41859638      0.13140362     -0.55000000       16.119359    0.09766032932356260
       58792.553     -0.25135249      0.29864751     -0.55000000       16.352115    0.13389062248216900
       58794.490      0.22733186     0.027331864      0.20000000       16.923431    0.07855521396332210
       58794.495     -0.70210540     0.097894603     -0.80000000       16.702868    0.08095901351636950
       58794.500     -0.33198304     0.068016959     -0.40000000       16.782746    0.06518697634789410
       58794.504     -0.88655303      0.11344697      -1.0000000       16.637316    0.06191803506485020
       58795.612      -1.0997189       1.2002811      -2.3000000       17.000481    0.10299834308757100
       58795.617     -0.92096976      0.37903024      -1.3000000       16.771732    0.15986178023538000
       58795.622     -0.73133023      0.41866977      -1.1500000       16.532093    0.09884312325792860
       58795.626     -0.19267032      0.45732968     -0.65000000       17.193433    0.08469574911820190
       58795.633     -0.54440850      0.90559150      -1.4500000       17.245171    0.06933007457214290
       58795.638     -0.95217504      0.84782496      -1.8000000       16.602938    0.08550234644195100
       58795.643     -0.32674704     -0.27674704    -0.050000000       17.327510    0.16299435742848600
       58795.648       1.3993268     -0.70067321       2.1000000       16.251436    0.15846752579781000
       58798.502      0.89016975     -0.60983025       1.5000000       14.660593    0.15626915094500000
       58798.506       1.1680313     -0.38196868       1.5500000       14.382731    0.15178100678141400
       58798.511    -0.022950444     -0.52295044      0.50000000       14.123713    0.17070516085873700
       58798.516     -0.46751805      0.43248195     -0.90000000       14.318281    0.17230792516806800
       58800.431      0.57099254     0.070992541      0.50000000       15.829770    0.05547513493090470
       58800.436    -0.018598138     -0.76859814      0.75000000       16.319361    0.053876788616410600
       58800.441      0.30949232      0.15949232      0.15000000       16.041270    0.0607662203239305
       58800.446      0.40121396     -0.34878604      0.75000000       16.449549    0.052333706820560400
       58801.445   -0.0047902486    -0.054790249     0.050000000       16.205553    0.058609467730532100
       58801.450    -0.023871925    -0.023871925       0.0000000       16.124634    0.060887424586916500
       58801.455      0.42919344    -0.020806560      0.45000000       15.721569    0.05819722211764010
       58801.460      0.40015171     -0.69984829       1.1000000       15.750611    0.06353288675839850
       58824.464     -0.64450287      0.85549713      -1.5000000       16.595265    0.0778415999446498
       58824.469      0.68280650      -1.0171935       1.7000000       16.117956    0.08349547184136010
       58824.474     -0.23007605     -0.28007605     0.050000000       16.430839    0.07134522891078540
       58824.485     -0.10615115      0.79384885     -0.90000000       16.256914    0.07386501811020000
       58824.489     0.012600207      0.46260021     -0.45000000       16.438162    0.06691728110718850
       58824.494    -0.077350735      0.22264926     -0.30000000       16.528113    0.06349787041148820
       58824.499     0.089017782      0.13901778    -0.050000000       16.661745    0.06590610605886390
       58825.422     -0.59736188     -0.14736188     -0.45000000       16.198124    0.05753724154953380
       58825.427      0.38435045     -0.91564955       1.3000000       16.016412    0.06063379000696180
       58825.432      0.51539400     -0.23460600      0.75000000       15.835368    0.061032217595790300
       58825.437     0.058420118     0.058420118       0.0000000       15.642342    0.05998493512684230
       58826.431      0.17690924     -0.47309076      0.65000000       16.323853    0.051829753713667700
       58826.436      0.26946261    -0.080537393      0.35000000       16.431300    0.04721422675225610
       58826.441     -0.18029474      0.21970526     -0.40000000       16.381057    0.04804436660785770
       58826.446     -0.18729760     -0.43729760      0.25000000       16.588060    0.0438146331127857
       58827.382     -0.24882388      0.40117612     -0.65000000       16.449586    0.043951766206724700
       58827.387    -0.050939573     0.049060427     -0.10000000       16.501702    0.04973371919260000
       58827.392      0.24900304     0.049003045      0.20000000       16.701759    0.048885363864800500
       58827.397    -0.026237587      0.27376241     -0.30000000       16.677000    0.04827852788813330
       58829.432      0.42029460      0.22029460      0.20000000       16.030468    0.05625212991781430
       58829.437     -0.37690415     0.073095850     -0.45000000       15.927667    0.05604648441140460
       58829.442     0.015011472    -0.034988528     0.050000000       16.335751    0.05650757690727710
       58829.447     -0.14466944     -0.54466944      0.40000000       15.945432    0.05530248516380260
       58874.333      0.22156233     -0.12843767      0.35000000       16.179200    0.09605208489670760
       58874.338     -0.25704236     -0.30704236     0.050000000       16.507805    0.10127032327742300
       58874.343     -0.13105408      0.16894592     -0.30000000       16.531817    0.08587074291532580
       58874.348     -0.46313639     -0.51313639     0.050000000       16.113899    0.09198854011358950
       58875.377     -0.31635629     0.083643714     -0.40000000       16.567119    0.06962724209912380
       58875.382     -0.35471248     -0.40471248     0.050000000       16.455475    0.07389505711275290
       58875.387     -0.54842409      0.15157591     -0.70000000       16.299187    0.08482051738208260
       58875.392     -0.94641337      0.65358663      -1.6000000       16.147176    0.0761049744135975
       58876.370     -0.57394827      0.37605173     -0.95000000       17.124711    0.09863615907951220
       58876.375     -0.90519938       1.1448006      -2.0500000       16.705962    0.09341052877005730
       58876.380     -0.60988535     -0.60988535       0.0000000       16.410648    0.10914910994920300
       58876.385    -0.052644487     -0.30264449      0.25000000       16.253407    0.1342925808376960
       58884.241     0.095129011     0.045129011     0.050000000       16.705633    0.048032476103760100
       58884.246     -0.21577944     -0.56577944      0.35000000       16.466542    0.048712185112571800
       58884.251     -0.17999279     -0.32999279      0.15000000       16.680755    0.0505374377813394
       58884.255     -0.17041261      0.67958739     -0.85000000       16.721175    0.05915211831819140
       58895.244     0.071671799      0.22167180     -0.15000000       17.129091    0.07856023983613130
       58895.249     -0.48563779      0.31436221     -0.80000000       17.386400    0.08073225828239220
       58895.254     -0.38060476      0.51939524     -0.90000000       17.081367    0.08896905573981590
       58895.259     -0.15610645      0.54389355     -0.70000000       17.156869    0.07710868532820410
       58896.277      0.28122935      0.88122935     -0.60000000       15.469533    0.06993474507785330
       58896.282      0.94248113      0.10914780      0.83333333       16.058281    0.07879799342313850
       58896.287      0.66944711     -0.53055289       1.2000000       15.731315    0.07512914605911680
       58896.291   -0.0020259839     -0.40202598      0.40000000       16.052788    0.07078558464511720
       58896.299      0.86820637     -0.13179363       1.0000000       15.782556    0.0633799859355027
       58896.303      0.50293489     -0.49706511       1.0000000       15.997828    0.0784317833254237
       58896.308      0.66234972      -1.1876503       1.8500000       16.188413    0.06470259553914100
       58896.313      0.44783099      0.24783099      0.20000000       15.552931    0.0719379300148872
       58897.245      0.22107853     -0.12892147      0.35000000       16.129684    0.053643228323979500
       58897.250      0.59712112     -0.15287888      0.75000000       16.353641    0.055754696551920400
       58897.255      0.39588032     -0.15411968      0.55000000       16.054882    0.05059991284950500
       58897.260      0.48763441     -0.56236559       1.0500000       16.363128    0.05364792829936010
       58898.267      0.79217633     -0.70782367       1.5000000       16.208586    0.04409294928271090
       58898.272    -0.031496297     -0.26899630      0.23750000       16.082259    0.051346088372220200
       58898.277      0.67930536     -0.72069464       1.4000000       16.371457    0.049864765938755600
       58898.282      0.41867106      0.31867106      0.10000000       16.382091    0.046048517787975000
       59110.539     -0.26449216     -0.51449216      0.25000000       16.665255    0.046017928887531000
       59110.544      0.67952639     -0.42047361       1.1000000       16.421236    0.0481423575941508
       59110.549     -0.69703445     0.052965551     -0.75000000       16.497797    0.04832057162743450
       59110.554     -0.16599310     -0.66599310      0.50000000       16.566756    0.05165467260709940
       59111.579     -0.20797647    -0.057976473     -0.15000000       16.608739    0.04757082268245040
       59111.584      0.68277493     -0.91722507       1.6000000       16.867988    0.07248572559721630
       59111.589     -0.68523763      0.28976237     -0.97500000       16.586000    0.06256741266010380
       59111.594     -0.20141163   -0.0014116276     -0.20000000       16.402174    0.05288555428010960
       59112.599    -0.047133087     -0.64713309      0.60000000       16.647896    0.04005983570121730
       59112.604    -0.044158649      0.15584135     -0.20000000       16.444921    0.043005565147764400
       59112.609      0.58096883     -0.46903117       1.0500000       16.369794    0.04055695026599530
       59112.614     -0.57770549     0.072294508     -0.65000000       16.428468    0.04293987240262140
       59113.505      0.15571492     -0.94428508       1.1000000       15.895048    0.06140533009218660
       59113.510      0.71916586     -0.43083414       1.1500000       15.731597    0.05625755499847610
       59113.515      0.22535595     -0.82464405       1.0500000       15.925407    0.056228060436247100
       59113.520      0.11677639     -0.73322361      0.85000000       15.933986    0.05807533713225490
       59114.568      0.44313023     -0.15686977      0.60000000       16.357632    0.044164650096022500
       59114.573     -0.22363412      0.12636588     -0.35000000       16.224397    0.044595580820239000
       59114.578     -0.40060118     -0.45060118     0.050000000       16.351364    0.03994539304813670
       59114.583     -0.49963299     -0.54963299     0.050000000       16.150395    0.046848013337448300
       59115.565      0.20059344     -0.34940656      0.55000000       16.400169    0.03597419937140650
       59115.570      0.33426242      0.38426242    -0.050000000       16.466500    0.03548145366535570
       59115.575     0.054772646    -0.045227354      0.10000000       16.595990    0.03639927995485780
       59115.580     -0.53262719     -0.28262719     -0.25000000       16.583390    0.03649880737697350
       59117.541     0.046872149   -0.0031278508     0.050000000       16.753890    0.040346448764740800
       59117.546      0.18667300     -0.11332700      0.30000000       16.864089    0.0451406600772175
       59117.551     -0.17979131      0.32020869     -0.50000000       16.980554    0.05096803442734980
       59117.556      0.10225792      0.35225792     -0.25000000       16.798505    0.04396970297526640
       59118.626     -0.19793785    -0.097937850     -0.10000000       16.898700    0.04724455620432870
       59118.631     -0.71081811      0.18918189     -0.90000000       16.961581    0.04381013203605930
       59118.636      0.24165101      0.44165101     -0.20000000       16.509111    0.06337742731500330
       59118.642    -0.091898990      0.50810101     -0.60000000       16.892661    0.04412976560136430
       59118.647     -0.28184051     -0.28184051       0.0000000       17.332603    0.05572766682538060
       59119.610     -0.32080722     -0.44580722      0.12500000       16.321570    0.09463644220482570
       59119.615     -0.33634787    -0.036347871     -0.30000000       16.487110    0.07546166077869340
       59119.620      0.33138785       1.2813878     -0.95000000       16.619375    0.0875870464118646
       59119.624      0.26077869    -0.089221311      0.35000000       16.489984    0.05827249840455660
       59120.480     -0.27233743     0.027662566     -0.30000000       16.523100    0.04012720035395950
       59120.485      0.48103810     -0.41896190      0.90000000       16.669724    0.03729442007081960
       59120.490      0.40102610     -0.69897390       1.1000000       16.699736    0.039952774989679800
       59120.495      0.86108199     -0.78891801       1.6500000       16.639680    0.04078396056708070
       59121.584     -0.87758377      0.92241623      -1.8000000       16.778346    0.04367528022684760
       59121.589     -0.84679975      0.85320025      -1.7000000       16.797562    0.052420868644732700
       59121.594     -0.18767048      0.16232952     -0.35000000       17.038433    0.05122591119280850
       59121.599    -0.010331808      0.56466819     -0.57500000       17.061094    0.05130136891545570
       59122.474      0.47221763     -0.52778237       1.0000000       15.778545    0.05903042418034820
       59122.479      0.39139510      0.19139510      0.20000000       15.909367    0.0666059754625266
       59122.484      0.19852953      0.29852953     -0.10000000       15.752233    0.05790995100427700
       59122.488      0.59927766     -0.20072234      0.80000000       15.551485    0.054714650417860800
       59123.563      0.33607203     -0.35142797      0.68750000       16.414690    0.04871777717640110
       59123.568     -0.48016740      0.16983260     -0.65000000       16.230930    0.05903261017960180
       59123.573     0.093292448   -0.0067075517      0.10000000       16.407470    0.04222536366505990
       59123.578      0.18825713     -0.11174287      0.30000000       16.212505    0.04850865582214190
       59125.629     -0.11282319     -0.56282319      0.45000000       16.513586    0.04050429216471270
       59125.634     -0.11226197     0.087738031     -0.20000000       16.613024    0.04164076681419070
       59125.639     0.064747400     -0.13525260      0.20000000       16.586015    0.041197738350025000
       59125.643    -0.087234514      0.31276549     -0.40000000       16.437997    0.04019708792268700
       59126.477      0.28906923     0.089069230      0.20000000       16.461693    0.03435655015552510
       59126.482     -0.31183563     -0.46183563      0.15000000       16.412598    0.03825657685410180
       59126.487     -0.33135940      0.41864060     -0.75000000       16.832122    0.04145322703166630
       59126.492     0.042494748     -0.10750525      0.15000000       16.708268    0.04159442075973760
       59127.450     -0.10953269     0.040467308     -0.15000000       16.660295    0.04482984601169900
       59127.455     -0.41742107      0.78257893      -1.2000000       16.668184    0.04664840624238000
       59127.460      0.19679515      0.19679515       0.0000000       16.653967    0.04700728097586650
       59127.465    -0.045313547      0.35468645     -0.40000000       16.446076    0.0465441336958163
       59128.511    -0.064478821     0.035521179     -0.10000000       16.315241    0.04403385923689950
       59128.516      0.17672789     -0.62327211      0.80000000       16.324035    0.04045321206400400
       59128.521     -0.28094552      0.15238781     -0.43333333       16.681708    0.05069751970356550
       59128.526     -0.23635821     0.013641788     -0.25000000       16.487121    0.03934441065372480
       59129.442     -0.53983536    -0.089835360     -0.45000000       16.790598    0.050588467590993000
       59129.447     -0.57875238      0.27124762     -0.85000000       16.629515    0.03902519525453170
       59129.452     -0.77910213     0.020897872     -0.80000000       16.729865    0.04220600338186630
       59129.457    0.0058293348    -0.044170665     0.050000000       16.644933    0.04641174085689650
       59130.561     -0.98495754       1.0150425      -2.0000000       16.685720    0.05188828023901280
       59130.566    -0.023595479      0.82640452     -0.85000000       16.624358    0.05288392236039170
       59130.571      0.39451098      0.34451098     0.050000000       16.456251    0.053520803627499300
       59130.576     -0.64093485      0.55906515      -1.2000000       16.791697    0.054414718920495000
       59153.564     -0.91881309      0.78118691      -1.7000000       17.119576    0.059254444908929000
       59153.569     -0.14544525      0.35455475     -0.50000000       16.746208    0.05057405004549070
       59153.574     -0.22710983      0.47289017     -0.70000000       17.077872    0.06068326193614330
       59153.579     -0.23920244       1.0107976      -1.2500000       16.789965    0.054380960975917700
       59154.444     -0.14855036      0.45144964     -0.60000000       16.899313    0.04826874694687590
       59154.449   -0.0080409287      0.24195907     -0.25000000       16.858803    0.04428935446107670
       59154.454     0.019931746      0.16993175     -0.15000000       17.030831    0.050047148964697400
       59154.459     0.012221881      0.46222188     -0.45000000       16.988541    0.046177567674120800
       59156.479     0.035081182     -0.46491882      0.50000000       16.415681    0.04438353113906190
       59156.484      0.10782308     -0.29217692      0.40000000       16.492939    0.04571856185271720
       59156.489    0.0060491779     -0.64395082      0.65000000       16.444713    0.04633526543452850
       59156.494     -0.31425840      0.48574160     -0.80000000       16.315021    0.04775481888926350
       59157.484     -0.54939250      0.15060750     -0.70000000       16.350155    0.05301206664150970
       59157.489     -0.10331579       1.5966842      -1.7000000       16.204078    0.1001621035468680
       59157.494    0.0050084421    0.0050084421       0.0000000       16.195754    0.10430114766749600
       59157.499    -0.048445524      0.50155448     -0.55000000       16.199208    0.059495187839819500
       59158.485     0.033079445     0.033079445       0.0000000       16.217683    0.04290542448069580
       59158.490     -0.35058839     -0.35058839       0.0000000       16.301351    0.04129141802507320
       59158.495     0.092324319     -0.30767568      0.40000000       16.108438    0.05179921294090210
       59158.500     -0.66509326      0.13490674     -0.80000000       15.865856    0.04949920804273290
       59159.528     -0.36662429     0.083375706     -0.45000000       16.117387    0.05880567452189400
       59159.533     -0.26547367      0.43452633     -0.70000000       16.066236    0.09840047014474540
       59159.538      0.29306033     0.043060330      0.25000000       16.307702    0.050321633133212700
       59159.543      0.13202885    -0.017971149      0.15000000       16.168734    0.06171237809843660
       59207.436     -0.39432307      0.75567693      -1.1500000       16.495086    0.052357836868008200
       59207.441     -0.58887059      0.36112941     -0.95000000       16.589633    0.046358239808267400
       59207.446     -0.53422113       1.2657789      -1.8000000       16.334984    0.0663303099938922
       59207.450     -0.34291618      0.95708382      -1.3000000       16.893679    0.061522765207023200
       59208.445     -0.77455189      0.12544811     -0.90000000       16.375314    0.04768523579477150
       59208.450      0.31444420      0.26444420     0.050000000       16.186318    0.04527495293966880
       59208.455     -0.76702769      0.38297231      -1.1500000       16.317790    0.050886568593348800
       59208.459     -0.17149830      0.12850170     -0.30000000       16.222261    0.05681952312894370
       59209.399     -0.30698357     0.093016428     -0.40000000       16.357746    0.04443560405170200
       59209.403      0.31526818      0.31526818       0.0000000       16.535494    0.05897374424252640
       59209.408     -0.41893319      0.18106681     -0.60000000       16.469696    0.043580391497861300
       59209.413     -0.16510627      0.53489373     -0.70000000       16.215869    0.051001589065458900
       59211.472      0.28998916     -0.41001084      0.70000000       15.910773    0.06665571135137100
       59211.476      0.52071944     -0.32928056      0.85000000       15.580043    0.06850919251274800
       59211.481    0.0044833632     -0.84551664      0.85000000       15.896279    0.06445782275985370
       59211.486     -0.33131867    -0.081318672     -0.25000000       15.732081    0.08133273123988500
       59212.447     -0.45992789     -0.25992789     -0.20000000       15.960690    0.057527388729697000
       59212.452     -0.35912765      0.44087235     -0.80000000       15.859890    0.06499161822805770
       59212.457     0.095655115     -0.40434488      0.50000000       16.005107    0.06702139979261120
       59212.462     0.046191081    -0.053808919      0.10000000       15.954571    0.0545827072494526
       59214.408     -0.14703078      0.15296922     -0.30000000       16.247793    0.04646096507567290
       59214.413     0.036041116      0.13604112     -0.10000000       16.514721    0.048147543809246700
       59214.418      0.12946176     -0.32053824      0.45000000       16.071301    0.05147672280740330
       59214.423    -0.094506175     -0.59450617      0.50000000       16.145269    0.04864459273280570
       59215.325     -0.45715746   -0.0071574565     -0.45000000       16.407920    0.04764957197058630
       59215.330     -0.17217910      0.37782090     -0.55000000       16.372942    0.057804714455144700
       59215.335     -0.20732371     -0.10732371     -0.10000000       16.358086    0.04900488467887560
       59215.340     -0.18892373      0.51107627     -0.70000000       16.089686    0.04894432233431240
       59216.362     -0.14230954    0.0076904612     -0.15000000       16.593072    0.04214967082874720
       59216.367      0.43814565      0.58814565     -0.15000000       16.912617    0.04647879082972870
       59216.372     -0.27710082      0.52289918     -0.80000000       16.627863    0.045356997951688600
       59216.377     -0.28575868      0.16424132     -0.45000000       16.736521    0.050568157849310900
       59217.401     0.096745982      0.24674598     -0.15000000       16.104016    0.04723167250048820
       59217.406     0.088700569     -0.41129943      0.50000000       16.062062    0.047973707796764300
       59217.411      0.18700871     -0.11299129      0.30000000       15.913754    0.05027411699238940
       59217.415      0.27500177     -0.52499823      0.80000000       16.125761    0.05164225705323640
       59218.385     -0.29458788     -0.39458788      0.10000000       16.395350    0.042804960325701800
       59218.390      0.17045489      0.27045489     -0.10000000       16.180308    0.035458247269815100
       59218.395      0.17884693      0.22884693    -0.050000000       16.371916    0.041225657869176600
       59218.400      0.33103415     0.081034154      0.25000000       16.519728    0.038489319000204800
       59219.416     -0.40161408      0.44838592     -0.85000000       16.052377    0.03490252935656800
       59219.420      0.11970156     0.019701563      0.10000000       16.481061    0.04187000227425300
       59219.425     -0.45287603      0.39712397     -0.85000000       16.353639    0.03875952082816050
       59219.430     -0.33016398     -0.48016398      0.15000000       16.330926    0.043762168061037600
       59220.375     0.072261746      0.42226175     -0.35000000       16.328501    0.04064402604119150
       59220.380      0.32451220     -0.22548780      0.55000000       16.326250    0.04121097140296660
       59220.385     -0.22620403     -0.47620403      0.25000000       16.226967    0.03818813679118110
       59220.389     0.010066301     -0.73993370      0.75000000       16.190696    0.039317936893331800
       59221.374     -0.24913442     0.050865581     -0.30000000       16.449897    0.03558234369535950
       59221.380      0.21371817     -0.53628183      0.75000000       16.087044    0.03555059762191560
       59221.386      0.23146402     -0.36853598      0.60000000       16.319298    0.04162313312205850
       59221.392      0.16919674     -0.63080326      0.80000000       16.381566    0.033079640991548800
       59222.385      0.49141150    -0.058588502      0.55000000       16.209351    0.04159806669469410
       59222.391      0.15544316     -0.14455684      0.30000000       16.395319    0.03620234776183870
       59222.397      0.37605383      0.17605383      0.20000000       16.374709    0.03470640079640640
       59222.403      0.40215313    -0.097846872      0.50000000       16.348609    0.036143290383928300
       59885.556     -0.22380703      0.22619297     -0.45000000       16.524570    0.05543225833348000
       59885.562     -0.29633391      0.15366609     -0.45000000       16.497096    0.05050671387538650
       59885.568    -0.056182893     0.043817107     -0.10000000       16.656945    0.05224326042564000
       59885.574     -0.32970737     0.070292631     -0.40000000       16.380470    0.04786709668017760
       59889.525      0.76150221     -0.73849779       1.5000000       16.589260    0.06192295882802410
       59889.531     0.076039668     -0.92396033       1.0000000       16.824723    0.14362774081464700
       59889.563      0.28614021     -0.41385979      0.70000000       16.864622    0.05434137118495390
       59889.569     0.048204823     -0.20179518      0.25000000       16.802558    0.054274143144896200
       59889.576     -0.38697676     -0.53697676      0.15000000       16.437739    0.04776019462555420
       59889.582    -0.085094459     -0.73509446      0.65000000       16.385857    0.05230941933200540
       59890.570      0.57949927     -0.42050073       1.0000000       16.121263    0.04733454857172210
       59890.576    -0.019152829     -0.31915283      0.30000000       16.169915    0.05352002755174280
       59890.582      0.47135731     -0.37864269      0.85000000       16.229405    0.05149429789170840
       59890.588      0.25534627     -0.64465373      0.90000000       15.695416    0.05395607261216890
       59891.568      0.75627822      -1.7270551       2.4833333       15.144484    0.11769656242332000
       59891.574      0.29127656      -1.5087234       1.8000000       15.659486    0.07883619381674840
       59891.580    -0.059781612     -0.65978161      0.60000000       16.060544    0.0664633755444086
       59891.586     -0.26037873      0.23962127     -0.50000000       16.261141    0.04796906728446770
       59892.559     -0.83367809      0.41632191      -1.2500000       17.034441    0.05938141257165990
       59892.565     -0.79957377      0.35042623      -1.1500000       16.900336    0.06106113384619810
       59892.571    -0.077624391      0.22237561     -0.30000000       16.728387    0.05935044454564300
       59892.577     -0.91393698      0.68606302      -1.6000000       16.814699    0.05343165387300400
       59894.577     -0.66472104      0.23527896     -0.90000000       16.565484    0.04091339138999170
       59894.583    -0.085648707     -0.18564871      0.10000000       16.236411    0.052392072223902100
       59894.589     -0.24101747      0.10898253     -0.35000000       16.441780    0.05260079595960710
       59894.595    -0.038949864     0.061050136     -0.10000000       16.139712    0.04723036558260440
       59895.488     -0.27839770     0.046602300     -0.32500000       16.829160    0.05757989329594490
       59895.494     -0.70520519      0.34479481      -1.0500000       17.055968    0.059977698936593100
       59895.500     -0.62235469       1.3776453      -2.0000000       16.973117    0.05398663291599460
       59895.506     -0.51933978      0.60566022      -1.1250000       17.020102    0.06436659293655790
       59898.516     -0.39105594      0.45894406     -0.85000000       17.041818    0.05063638537496200
       59898.522     -0.14759122      0.32740878     -0.47500000       17.048354    0.05092194203343610
       59898.528    -0.067297054      0.78270295     -0.85000000       16.868060    0.05294370660501230
       59898.535     -0.42157789      0.37842211     -0.80000000       16.922340    0.04951531035821140
       59899.624     -0.25215146     -0.15215146     -0.10000000       15.852914    0.059459527132334800
       59899.630      0.21064113     -0.13935887      0.35000000       15.840121    0.06181509122785730
       59899.636     0.026313966     -0.47368603      0.50000000       15.824449    0.060519197925140800
       59899.642      0.36749917     -0.38250083      0.75000000       15.583263    0.06540293712091860
       59900.558      0.14926535     -0.30073465      0.45000000       16.601497    0.046523614879609200
       59900.565     -0.31545637     -0.21545637     -0.10000000       16.216219    0.0418640572781863
       59900.571      0.11471377      0.31471377     -0.20000000       16.336049    0.04310981948142620
       59900.577     0.075428041    -0.074571959      0.15000000       16.575334    0.04889930023542360
       59901.622     -0.38483971     -0.23483971     -0.15000000       16.585602    0.05112645626898890
       59901.629     -0.20641827      0.59358173     -0.80000000       16.457181    0.15784270789416100
       59901.635     -0.26804633    -0.068046333     -0.20000000       16.218809    0.05214144542204140
       59901.641     -0.41881162     -0.21881162     -0.20000000       17.419574    0.14803045570384800
       59902.595    0.0037863944     -0.29621361      0.30000000       16.346976    0.040940964982879600
       59902.601     -0.20656599     0.043434007     -0.25000000       16.507328    0.03617153893757360
       59902.607     -0.11083638     0.039163621     -0.15000000       16.411599    0.03975266605536870
       59902.613     -0.57744406     -0.47744406     -0.10000000       16.278207    0.04182060583589270
       59904.553     -0.11501041      0.88498959      -1.0000000       17.115773    0.05446488674037760
       59904.559     -0.44109690      0.65890310      -1.1000000       16.791859    0.050201449345474300
       59904.565     -0.57205526      0.82794474      -1.4000000       16.872818    0.05193250225819720
       59904.571     -0.77844587      0.72155413      -1.5000000       16.829208    0.05940255108520380
       59905.557     -0.19538714      0.10461286     -0.30000000       16.446150    0.047697468039819000
       59905.563      0.18739133      0.58739133     -0.40000000       16.663371    0.04660575146338930
       59905.570     -0.25087711      0.24912289     -0.50000000       16.451640    0.04402120406882340
       59905.576     -0.28130518      0.56869482     -0.85000000       16.582068    0.049739438781777900
       59945.466     -0.37769026      0.32230974     -0.70000000       16.828453    0.05244998667146580
       59945.472    -0.085086880      0.21491312     -0.30000000       16.785849    0.046441965517845200
       59945.478     -0.65442830      0.74557170      -1.4000000       16.905191    0.04536762478178460
       59945.484     -0.23731157      0.71268843     -0.95000000       16.888074    0.04880521595547760
       59946.481      0.46876602     -0.24373398      0.71250000       16.431996    0.041884169436488500
       59946.487     0.059531870    -0.090468130      0.15000000       16.141231    0.03660752430498630
       59946.493      0.27949641     -0.37050359      0.65000000       16.321266    0.035996699798037000
       59946.499     -0.26355928     -0.36355928      0.10000000       16.164322    0.03557108238952070
       59947.406      0.33639254    -0.063607459      0.40000000       15.814370    0.04055764282973170
       59947.412      0.59219575     -0.20780425      0.80000000       16.058567    0.04604849546748390
       59947.419      0.10328127     -0.24671873      0.35000000       15.847481    0.04756755636084850
       59947.425      0.14196220     -0.40803780      0.55000000       15.758800    0.04694232591723860
       59948.473     -0.48525344     -0.28525344     -0.20000000       16.386016    0.04718946249332910
       59948.479     0.094956116     -0.15504388      0.25000000       16.305806    0.051994511154987000
       59948.485    -0.063848909     -0.21384891      0.15000000       16.164611    0.04921813030113960
       59948.491     -0.23494681    -0.084946807     -0.15000000       16.285709    0.05026260040025000
       59949.464     -0.17406809      0.17593191     -0.35000000       16.624831    0.042653429515477700
       59949.470     -0.37859239      0.47140761     -0.85000000       16.329355    0.04489917192050760
       59949.476     -0.59617135     0.053828652     -0.65000000       16.546934    0.04174767589457280
       59949.482      0.25797830     -0.19202170      0.45000000       16.542784    0.040733474245473500
       59951.375      0.11905357      0.44405357     -0.32500000       16.681709    0.07060911570152980
       59951.381      0.43720796      0.43720796       0.0000000       16.313555    0.06919203578583100
       59951.387     -0.46891061     -0.26891061     -0.20000000       16.619673    0.24637546172734800
       59952.416      0.38046285     -0.46953715      0.85000000       16.420300    0.04225690817610180
       59952.422    -0.065256535    -0.015256535    -0.050000000       16.566019    0.04654750000477340
       59952.428      0.17463538      0.27463538     -0.10000000       16.326127    0.0487980001937704
       59952.434     -0.59329048     -0.14329048     -0.45000000       16.294053    0.04140362456085110
       59953.465      0.60880368     -0.24119632      0.85000000       15.891959    0.04768399302830650
       59953.471      0.20676793     -0.69323207      0.90000000       15.943995    0.04708355208773190
       59953.477      0.29759630     -0.35240370      0.65000000       15.703166    0.046281582446231200
       59953.483     -0.21441790     0.085582103     -0.30000000       15.715180    0.04837395421362380
       59955.441     0.085803415      0.23580341     -0.15000000       16.664959    0.04298230716138930
       59955.447      0.39289305      0.54289305     -0.15000000       16.657869    0.04118148785856500
       59955.453     -0.23691971      0.16308029     -0.40000000       16.637682    0.0375018423888759
       59955.459    -0.032393717      0.21760628     -0.25000000       16.583156    0.04178142412322120
       59956.375      0.35466819     -0.59533181      0.95000000       16.096094    0.04347190040818250
       59956.381      0.33614843     -0.46385157      0.80000000       15.864614    0.04573878336399120
       59956.387      0.59990747     -0.45009253       1.0500000       15.950855    0.043484736984554200
       59956.393      0.40301420     -0.44698580      0.85000000       15.897748    0.04645505333663100
       59957.418      0.26500648     -0.48499352      0.75000000       16.085756    0.040402941609207800
       59957.424      0.32391011     -0.22608989      0.55000000       16.326852    0.03721293681232810
       59957.430    -0.037260984     -0.53726098      0.50000000       16.438023    0.04464570460759510
       59957.436      0.14848035     -0.10151965      0.25000000       16.102282    0.03964923749402600
  